0.4,0,1,1,0.0914979757,0.0914979757,0.0,0.0914979757,0.0914979757,0.0,92.49779494199902
{(0, 1): 9, (1, 2): 6, (6, 9): 5, (2, 6): 1, (8, 13): 3, (4, 6): 2, (4, 5): 3, (11, 12): 3, (10, 13): 2, (5, 7): 4, (6, 12): 2, (3, 8): 1, (12, 13): 2, (7, 10): 4, (1, 7): 1, (10, 11): 3, (0, 3): 3, (9, 10): 2, (3, 4): 1, (0, 2): 3, (8, 11): 3}
{(0, 1): 9, (1, 2): 6, (6, 9): 5, (2, 6): 1, (8, 13): 3, (4, 6): 2, (4, 5): 3, (11, 12): 3, (10, 13): 2, (5, 7): 4, (6, 12): 2, (3, 8): 1, (12, 13): 2, (7, 10): 4, (1, 7): 1, (10, 11): 3, (0, 3): 3, (9, 10): 2, (3, 4): 1, (0, 2): 3, (8, 11): 3}
0.02,1,21,22,0.2362355954,0.3170603675,0.2549191901129049,0.1486521181,0.0914979757,0.624649255491671,374.9454579259909
{(0, 1): 12, (1, 2): 4, (6, 9): 4, (2, 6): 1, (8, 13): 2, (4, 6): 3, (4, 5): 3, (11, 12): 3, (10, 13): 3, (5, 7): 4, (6, 12): 2, (3, 8): 2, (12, 13): 3, (7, 10): 4, (1, 7): 4, (10, 11): 1, (0, 3): 10, (9, 10): 4, (3, 4): 4, (0, 2): 1, (8, 11): 4}
{(0, 1): 9, (1, 2): 6, (6, 9): 5, (2, 6): 1, (8, 13): 3, (4, 6): 2, (4, 5): 3, (11, 12): 3, (10, 13): 2, (5, 7): 4, (6, 12): 2, (3, 8): 1, (12, 13): 2, (7, 10): 4, (1, 7): 1, (10, 11): 3, (0, 3): 3, (9, 10): 2, (3, 4): 1, (0, 2): 3, (8, 11): 3}
0.008,2,128,150,0.2362355954,0.3170603675,0.2549191901129049,0.1486521181,0.0914979757,0.624649255491671,2679.3650317389984
{(0, 1): 12, (1, 2): 4, (6, 9): 4, (2, 6): 1, (8, 13): 2, (4, 6): 3, (4, 5): 3, (11, 12): 3, (10, 13): 3, (5, 7): 4, (6, 12): 2, (3, 8): 2, (12, 13): 3, (7, 10): 4, (1, 7): 4, (10, 11): 1, (0, 3): 10, (9, 10): 4, (3, 4): 4, (0, 2): 1, (8, 11): 4}
{(0, 1): 9, (1, 2): 6, (6, 9): 5, (2, 6): 1, (8, 13): 3, (4, 6): 2, (4, 5): 3, (11, 12): 3, (10, 13): 2, (5, 7): 4, (6, 12): 2, (3, 8): 1, (12, 13): 2, (7, 10): 4, (1, 7): 1, (10, 11): 3, (0, 3): 3, (9, 10): 2, (3, 4): 1, (0, 2): 3, (8, 11): 3}
0.004,2,176,198,0.2362355954,0.3170603675,0.2549191901129049,0.1486521181,0.0914979757,0.624649255491671,3541.2448387419863
{(0, 1): 12, (1, 2): 4, (6, 9): 4, (2, 6): 1, (8, 13): 2, (4, 6): 3, (4, 5): 3, (11, 12): 3, (10, 13): 3, (5, 7): 4, (6, 12): 2, (3, 8): 2, (12, 13): 3, (7, 10): 4, (1, 7): 4, (10, 11): 1, (0, 3): 10, (9, 10): 4, (3, 4): 4, (0, 2): 1, (8, 11): 4}
{(0, 1): 9, (1, 2): 6, (6, 9): 5, (2, 6): 1, (8, 13): 3, (4, 6): 2, (4, 5): 3, (11, 12): 3, (10, 13): 2, (5, 7): 4, (6, 12): 2, (3, 8): 1, (12, 13): 2, (7, 10): 4, (1, 7): 1, (10, 11): 3, (0, 3): 3, (9, 10): 2, (3, 4): 1, (0, 2): 3, (8, 11): 3}
0.0015,2,206,228,0.2362355954,0.3170603675,0.2549191901129049,0.1486521181,0.0914979757,0.624649255491671,4084.587671595975
{(0, 1): 12, (1, 2): 4, (6, 9): 6, (2, 6): 1, (8, 13): 2, (4, 6): 3, (4, 5): 3, (11, 12): 3, (10, 13): 3, (5, 7): 4, (6, 12): 2, (3, 8): 2, (12, 13): 3, (7, 10): 4, (1, 7): 4, (10, 11): 1, (0, 3): 10, (9, 10): 4, (3, 4): 4, (0, 2): 1, (8, 11): 4}
{(0, 1): 9, (1, 2): 6, (6, 9): 5, (2, 6): 1, (8, 13): 3, (4, 6): 2, (4, 5): 3, (11, 12): 3, (10, 13): 2, (5, 7): 4, (6, 12): 2, (3, 8): 1, (12, 13): 2, (7, 10): 4, (1, 7): 1, (10, 11): 3, (0, 3): 3, (9, 10): 2, (3, 4): 1, (0, 2): 3, (8, 11): 3}
0.0014,2,208,230,0.2362355954,0.3170603675,0.2549191901129049,0.1486521181,0.0914979757,0.624649255491671,4096.36805093498
{(0, 1): 12, (1, 2): 4, (6, 9): 6, (2, 6): 1, (8, 13): 2, (4, 6): 3, (4, 5): 3, (11, 12): 3, (10, 13): 3, (5, 7): 4, (6, 12): 2, (3, 8): 2, (12, 13): 3, (7, 10): 4, (1, 7): 4, (10, 11): 1, (0, 3): 10, (9, 10): 4, (3, 4): 4, (0, 2): 1, (8, 11): 4}
{(0, 1): 9, (1, 2): 6, (6, 9): 5, (2, 6): 1, (8, 13): 3, (4, 6): 2, (4, 5): 3, (11, 12): 3, (10, 13): 2, (5, 7): 4, (6, 12): 2, (3, 8): 1, (12, 13): 2, (7, 10): 4, (1, 7): 1, (10, 11): 3, (0, 3): 3, (9, 10): 2, (3, 4): 1, (0, 2): 3, (8, 11): 3}
