0.4,0,1,1,0.170116103,0.170116103,0.0,0.170116103,0.170116103,0.0,17.680129375999968
{(0, 1): 7, (1, 2): 3, (1, 3): 1, (6, 7): 4, (4, 10): 1, (5, 6): 5, (7, 8): 1, (6, 10): 4, (8, 9): 7, (4, 5): 1, (2, 5): 4, (9, 10): 2, (3, 4): 3, (0, 2): 4}
{(0, 1): 7, (1, 2): 3, (1, 3): 1, (6, 7): 4, (4, 10): 1, (5, 6): 5, (7, 8): 1, (6, 10): 4, (8, 9): 7, (4, 5): 1, (2, 5): 4, (9, 10): 2, (3, 4): 3, (0, 2): 4}
0.3,1,3,4,0.2499521531,0.2507672074,0.0032502427588147007,0.177410154,0.170116103,0.04287689919630945,57.521713371999795
{(0, 1): 4, (1, 2): 3, (1, 3): 1, (6, 7): 1, (4, 10): 3, (5, 6): 4, (7, 8): 3, (6, 10): 3, (8, 9): 1, (4, 5): 4, (2, 5): 2, (9, 10): 2, (3, 4): 1, (0, 2): 1}
{(0, 1): 7, (1, 2): 3, (1, 3): 1, (6, 7): 4, (4, 10): 1, (5, 6): 5, (7, 8): 1, (6, 10): 4, (8, 9): 7, (4, 5): 1, (2, 5): 4, (9, 10): 2, (3, 4): 3, (0, 2): 4}
0.2,1,8,9,0.5675984027,0.5675984027,0.0,0.177410154,0.170116103,0.04287689919630945,27.375171575999957
{(0, 1): 4, (1, 2): 3, (1, 3): 1, (6, 7): 1, (4, 10): 3, (5, 6): 4, (7, 8): 3, (6, 10): 3, (8, 9): 1, (4, 5): 4, (2, 5): 2, (9, 10): 2, (3, 4): 1, (0, 2): 1}
{(0, 1): 7, (1, 2): 3, (1, 3): 1, (6, 7): 4, (4, 10): 1, (5, 6): 5, (7, 8): 1, (6, 10): 4, (8, 9): 7, (4, 5): 1, (2, 5): 4, (9, 10): 2, (3, 4): 3, (0, 2): 4}
0.1,1,13,14,0.5675984027,0.5675984027,0.0,0.177410154,0.170116103,0.04287689919630945,40.316180696000174
{(0, 1): 4, (1, 2): 3, (1, 3): 1, (6, 7): 1, (4, 10): 3, (5, 6): 4, (7, 8): 3, (6, 10): 3, (8, 9): 1, (4, 5): 4, (2, 5): 2, (9, 10): 2, (3, 4): 1, (0, 2): 1}
{(0, 1): 7, (1, 2): 3, (1, 3): 1, (6, 7): 4, (4, 10): 1, (5, 6): 5, (7, 8): 1, (6, 10): 4, (8, 9): 7, (4, 5): 1, (2, 5): 4, (9, 10): 2, (3, 4): 3, (0, 2): 4}
0.09,1,13,14,0.5675984027,0.5675984027,0.0,0.177410154,0.170116103,0.04287689919630945,39.78438306399994
{(0, 1): 4, (1, 2): 3, (1, 3): 1, (6, 7): 1, (4, 10): 3, (5, 6): 4, (7, 8): 3, (6, 10): 3, (8, 9): 1, (4, 5): 4, (2, 5): 2, (9, 10): 2, (3, 4): 1, (0, 2): 1}
{(0, 1): 7, (1, 2): 3, (1, 3): 1, (6, 7): 4, (4, 10): 1, (5, 6): 5, (7, 8): 1, (6, 10): 4, (8, 9): 7, (4, 5): 1, (2, 5): 4, (9, 10): 2, (3, 4): 3, (0, 2): 4}
0.08,1,14,15,0.5675984027,0.5675984027,0.0,0.177410154,0.170116103,0.04287689919630945,44.089261756999804
{(0, 1): 4, (1, 2): 3, (1, 3): 1, (6, 7): 1, (4, 10): 3, (5, 6): 4, (7, 8): 3, (6, 10): 3, (8, 9): 1, (4, 5): 4, (2, 5): 2, (9, 10): 2, (3, 4): 1, (0, 2): 1}
{(0, 1): 7, (1, 2): 3, (1, 3): 1, (6, 7): 4, (4, 10): 1, (5, 6): 5, (7, 8): 1, (6, 10): 4, (8, 9): 7, (4, 5): 1, (2, 5): 4, (9, 10): 2, (3, 4): 3, (0, 2): 4}
0.075,1,14,15,0.5675984027,0.5675984027,0.0,0.177410154,0.170116103,0.04287689919630945,43.18719367099993
{(0, 1): 4, (1, 2): 3, (1, 3): 1, (6, 7): 1, (4, 10): 3, (5, 6): 4, (7, 8): 3, (6, 10): 3, (8, 9): 1, (4, 5): 4, (2, 5): 2, (9, 10): 2, (3, 4): 1, (0, 2): 1}
{(0, 1): 7, (1, 2): 3, (1, 3): 1, (6, 7): 4, (4, 10): 1, (5, 6): 5, (7, 8): 1, (6, 10): 4, (8, 9): 7, (4, 5): 1, (2, 5): 4, (9, 10): 2, (3, 4): 3, (0, 2): 4}
0.07,1,14,15,0.5675984027,0.5675984027,0.0,0.177410154,0.170116103,0.04287689919630945,43.19854802199961
{(0, 1): 4, (1, 2): 3, (1, 3): 1, (6, 7): 1, (4, 10): 3, (5, 6): 4, (7, 8): 3, (6, 10): 3, (8, 9): 1, (4, 5): 4, (2, 5): 2, (9, 10): 2, (3, 4): 1, (0, 2): 1}
{(0, 1): 7, (1, 2): 3, (1, 3): 1, (6, 7): 4, (4, 10): 1, (5, 6): 5, (7, 8): 1, (6, 10): 4, (8, 9): 7, (4, 5): 1, (2, 5): 4, (9, 10): 2, (3, 4): 3, (0, 2): 4}
0.06,2,19,34,0.5675984027,0.5675984027,0.0,0.177410154,0.170116103,0.04287689919630945,90.47274668299997
{(0, 1): 4, (1, 2): 3, (1, 3): 1, (6, 7): 1, (4, 10): 3, (5, 6): 4, (7, 8): 3, (6, 10): 3, (8, 9): 1, (4, 5): 4, (2, 5): 2, (9, 10): 2, (3, 4): 1, (0, 2): 1}
{(0, 1): 7, (1, 2): 3, (1, 3): 1, (6, 7): 4, (4, 10): 1, (5, 6): 5, (7, 8): 1, (6, 10): 4, (8, 9): 7, (4, 5): 1, (2, 5): 4, (9, 10): 2, (3, 4): 3, (0, 2): 4}
0.05,2,35,50,0.5675984027,0.5675984027,0.0,0.177410154,0.170116103,0.04287689919630945,142.89431121300004
{(0, 1): 4, (1, 2): 3, (1, 3): 1, (6, 7): 1, (4, 10): 3, (5, 6): 4, (7, 8): 3, (6, 10): 3, (8, 9): 1, (4, 5): 4, (2, 5): 2, (9, 10): 2, (3, 4): 1, (0, 2): 1}
{(0, 1): 7, (1, 2): 3, (1, 3): 1, (6, 7): 4, (4, 10): 1, (5, 6): 5, (7, 8): 1, (6, 10): 4, (8, 9): 7, (4, 5): 1, (2, 5): 4, (9, 10): 2, (3, 4): 3, (0, 2): 4}
0.04,2,51,66,0.5675984027,0.5675984027,0.0,0.177410154,0.170116103,0.04287689919630945,196.38381800800016
{(0, 1): 4, (1, 2): 3, (1, 3): 1, (6, 7): 1, (4, 10): 3, (5, 6): 4, (7, 8): 3, (6, 10): 3, (8, 9): 1, (4, 5): 4, (2, 5): 2, (9, 10): 2, (3, 4): 1, (0, 2): 1}
{(0, 1): 7, (1, 2): 3, (1, 3): 1, (6, 7): 4, (4, 10): 1, (5, 6): 5, (7, 8): 1, (6, 10): 4, (8, 9): 7, (4, 5): 1, (2, 5): 4, (9, 10): 2, (3, 4): 3, (0, 2): 4}
0.03,2,67,82,0.5675984027,0.5675984027,0.0,0.177410154,0.170116103,0.04287689919630945,240.65025203000005
{(0, 1): 4, (1, 2): 3, (1, 3): 1, (6, 7): 1, (4, 10): 3, (5, 6): 4, (7, 8): 3, (6, 10): 3, (8, 9): 1, (4, 5): 4, (2, 5): 2, (9, 10): 2, (3, 4): 1, (0, 2): 1}
{(0, 1): 7, (1, 2): 3, (1, 3): 1, (6, 7): 4, (4, 10): 1, (5, 6): 5, (7, 8): 1, (6, 10): 4, (8, 9): 7, (4, 5): 1, (2, 5): 4, (9, 10): 2, (3, 4): 3, (0, 2): 4}
