0.4,0,1,1,0.3534830893,0.3534830893,0.0,0.3534830893,0.3534830893,0.0,47.70654444023967
{(0, 1): 3, (0, 2): 3, (1, 2): 1, (1, 3): 1, (2, 5): 1, (3, 4): 3, (4, 5): 4, (4, 10): 3, (5, 6): 9, (6, 7): 1, (6, 10): 4, (7, 8): 1, (8, 9): 4, (9, 10): 8}
{(0, 1): 3, (0, 2): 3, (1, 2): 1, (1, 3): 1, (2, 5): 1, (3, 4): 3, (4, 5): 4, (4, 10): 3, (5, 6): 9, (6, 7): 1, (6, 10): 4, (7, 8): 1, (8, 9): 4, (9, 10): 8}
0.4,0,1,1,0.3534830893,0.3534830893,0.0,0.3534830893,0.3534830893,0.0,48.19077502936125
{(0, 1): 3, (0, 2): 3, (1, 2): 1, (1, 3): 1, (2, 5): 1, (3, 4): 3, (4, 5): 4, (4, 10): 3, (5, 6): 9, (6, 7): 1, (6, 10): 4, (7, 8): 1, (8, 9): 4, (9, 10): 8}
{(0, 1): 3, (0, 2): 3, (1, 2): 1, (1, 3): 1, (2, 5): 1, (3, 4): 3, (4, 5): 4, (4, 10): 3, (5, 6): 9, (6, 7): 1, (6, 10): 4, (7, 8): 1, (8, 9): 4, (9, 10): 8}
0.3,1,3,4,0.4620095694,0.4799430075,0.03736576597586961,0.4123222749,0.3534830893,0.16645544689710284,90.44140688702464
{(0, 1): 3, (0, 2): 1, (1, 2): 3, (1, 3): 4, (2, 5): 2, (3, 4): 2, (4, 5): 2, (4, 10): 1, (5, 6): 2, (6, 7): 1, (6, 10): 3, (7, 8): 2, (8, 9): 3, (9, 10): 4}
{(0, 1): 3, (0, 2): 3, (1, 2): 1, (1, 3): 1, (2, 5): 1, (3, 4): 3, (4, 5): 4, (4, 10): 3, (5, 6): 9, (6, 7): 1, (6, 10): 4, (7, 8): 1, (8, 9): 4, (9, 10): 8}
0.2,1,8,9,1.236492891,1.236492891,0.0,0.4994519947,0.3534830893,0.41294452215256233,77.02291668951511
{(0, 1): 3, (0, 2): 1, (1, 2): 3, (1, 3): 4, (2, 5): 2, (3, 4): 2, (4, 5): 2, (4, 10): 1, (5, 6): 1, (6, 7): 1, (6, 10): 3, (7, 8): 2, (8, 9): 3, (9, 10): 4}
{(0, 1): 3, (0, 2): 3, (1, 2): 1, (1, 3): 1, (2, 5): 1, (3, 4): 3, (4, 5): 4, (4, 10): 3, (5, 6): 9, (6, 7): 1, (6, 10): 4, (7, 8): 1, (8, 9): 4, (9, 10): 8}
0.1,1,13,14,1.236492891,1.236492891,0.0,0.4994519947,0.3534830893,0.41294452215256233,123.50154547393322
{(0, 1): 3, (0, 2): 1, (1, 2): 3, (1, 3): 4, (2, 5): 2, (3, 4): 2, (4, 5): 2, (4, 10): 1, (5, 6): 1, (6, 7): 1, (6, 10): 3, (7, 8): 2, (8, 9): 3, (9, 10): 4}
{(0, 1): 3, (0, 2): 3, (1, 2): 1, (1, 3): 1, (2, 5): 1, (3, 4): 3, (4, 5): 4, (4, 10): 3, (5, 6): 9, (6, 7): 1, (6, 10): 4, (7, 8): 1, (8, 9): 4, (9, 10): 8}
0.09,1,13,14,1.236492891,1.236492891,0.0,0.4994519947,0.3534830893,0.41294452215256233,122.43533181026578
{(0, 1): 3, (0, 2): 1, (1, 2): 3, (1, 3): 4, (2, 5): 2, (3, 4): 2, (4, 5): 2, (4, 10): 1, (5, 6): 1, (6, 7): 1, (6, 10): 3, (7, 8): 2, (8, 9): 3, (9, 10): 4}
{(0, 1): 3, (0, 2): 3, (1, 2): 1, (1, 3): 1, (2, 5): 1, (3, 4): 3, (4, 5): 4, (4, 10): 3, (5, 6): 9, (6, 7): 1, (6, 10): 4, (7, 8): 1, (8, 9): 4, (9, 10): 8}
0.08,1,14,15,1.236492891,1.236492891,0.0,0.4994519947,0.3534830893,0.41294452215256233,129.7294514514506
{(0, 1): 3, (0, 2): 1, (1, 2): 3, (1, 3): 4, (2, 5): 2, (3, 4): 2, (4, 5): 2, (4, 10): 1, (5, 6): 1, (6, 7): 1, (6, 10): 3, (7, 8): 2, (8, 9): 3, (9, 10): 4}
{(0, 1): 3, (0, 2): 3, (1, 2): 1, (1, 3): 1, (2, 5): 1, (3, 4): 3, (4, 5): 4, (4, 10): 3, (5, 6): 9, (6, 7): 1, (6, 10): 4, (7, 8): 1, (8, 9): 4, (9, 10): 8}
0.075,1,14,15,1.236492891,1.236492891,0.0,0.4994519947,0.3534830893,0.41294452215256233,130.40667387470603
{(0, 1): 3, (0, 2): 1, (1, 2): 3, (1, 3): 4, (2, 5): 2, (3, 4): 2, (4, 5): 2, (4, 10): 1, (5, 6): 1, (6, 7): 1, (6, 10): 3, (7, 8): 2, (8, 9): 3, (9, 10): 4}
{(0, 1): 3, (0, 2): 3, (1, 2): 1, (1, 3): 1, (2, 5): 1, (3, 4): 3, (4, 5): 4, (4, 10): 3, (5, 6): 9, (6, 7): 1, (6, 10): 4, (7, 8): 1, (8, 9): 4, (9, 10): 8}
0.07,1,14,15,1.236492891,1.236492891,0.0,0.4994519947,0.3534830893,0.41294452215256233,131.1638718470931
{(0, 1): 3, (0, 2): 1, (1, 2): 3, (1, 3): 4, (2, 5): 2, (3, 4): 2, (4, 5): 2, (4, 10): 1, (5, 6): 1, (6, 7): 1, (6, 10): 3, (7, 8): 2, (8, 9): 3, (9, 10): 4}
{(0, 1): 3, (0, 2): 3, (1, 2): 1, (1, 3): 1, (2, 5): 1, (3, 4): 3, (4, 5): 4, (4, 10): 3, (5, 6): 9, (6, 7): 1, (6, 10): 4, (7, 8): 1, (8, 9): 4, (9, 10): 8}
0.06,2,19,34,1.236492891,1.236492891,0.0,0.4994519947,0.3534830893,0.41294452215256233,287.3324694894254
{(0, 1): 3, (0, 2): 1, (1, 2): 3, (1, 3): 4, (2, 5): 2, (3, 4): 2, (4, 5): 2, (4, 10): 1, (5, 6): 1, (6, 7): 1, (6, 10): 3, (7, 8): 2, (8, 9): 3, (9, 10): 4}
{(0, 1): 3, (0, 2): 3, (1, 2): 1, (1, 3): 1, (2, 5): 1, (3, 4): 3, (4, 5): 4, (4, 10): 3, (5, 6): 9, (6, 7): 1, (6, 10): 4, (7, 8): 1, (8, 9): 4, (9, 10): 8}
0.05,2,35,50,1.236492891,1.236492891,0.0,0.4994519947,0.3534830893,0.41294452215256233,468.2429185286164
{(0, 1): 3, (0, 2): 1, (1, 2): 3, (1, 3): 4, (2, 5): 2, (3, 4): 2, (4, 5): 2, (4, 10): 1, (5, 6): 1, (6, 7): 1, (6, 10): 3, (7, 8): 2, (8, 9): 3, (9, 10): 4}
{(0, 1): 3, (0, 2): 3, (1, 2): 1, (1, 3): 1, (2, 5): 1, (3, 4): 3, (4, 5): 4, (4, 10): 3, (5, 6): 9, (6, 7): 1, (6, 10): 4, (7, 8): 1, (8, 9): 4, (9, 10): 8}
0.04,2,51,66,1.236492891,1.236492891,0.0,0.4994519947,0.3534830893,0.41294452215256233,638.0190930478275
{(0, 1): 3, (0, 2): 1, (1, 2): 3, (1, 3): 4, (2, 5): 2, (3, 4): 2, (4, 5): 2, (4, 10): 1, (5, 6): 1, (6, 7): 1, (6, 10): 3, (7, 8): 2, (8, 9): 3, (9, 10): 4}
{(0, 1): 3, (0, 2): 3, (1, 2): 1, (1, 3): 1, (2, 5): 1, (3, 4): 3, (4, 5): 4, (4, 10): 3, (5, 6): 9, (6, 7): 1, (6, 10): 4, (7, 8): 1, (8, 9): 4, (9, 10): 8}
0.03,2,67,82,1.236492891,1.236492891,0.0,0.4994519947,0.3534830893,0.41294452215256233,787.4328875020146
{(0, 1): 3, (0, 2): 1, (1, 2): 3, (1, 3): 4, (2, 5): 2, (3, 4): 2, (4, 5): 2, (4, 10): 1, (5, 6): 1, (6, 7): 1, (6, 10): 3, (7, 8): 2, (8, 9): 3, (9, 10): 4}
{(0, 1): 3, (0, 2): 3, (1, 2): 1, (1, 3): 1, (2, 5): 1, (3, 4): 3, (4, 5): 4, (4, 10): 3, (5, 6): 9, (6, 7): 1, (6, 10): 4, (7, 8): 1, (8, 9): 4, (9, 10): 8}
